00000000000000000000000000000000
00000000000000000000000000000000
00000000000000000000000000000000
00000000000000000000000000000000
0000000C0000000C0000015C00000000
0000016800000168000005E000000000
00000748000007480000018C00000000
000010F8000010F800000F0800000000
000010F8000010F800000F0800000000
000000090000000A0000000B0000000C
0000000D0000000E0000000F00000010
00000011000000120000001300000014
00000015000000160000001700000018
000000190000001A0000001B0000001C
0000001D0000001E0000001F00000020
00000021000000060000000500000004
00000003000000020000000100000000
00000022000000230000002400000025
00000026000000090000000A0000000B
0000000C0000000D0000000E0000000F
00000010000000110000001200000013
00000014000000150000001600000017
00000018000000190000001A0000001B
0000001C0000001D0000001E0000001F
00000020000000210000000600000005
00000004000000030000000200000001
00000000000000270000002800000029
0000002A0000002B000000090000000A
0000000B0000000C0000000D0000000E
0000000F000000100000001100000012
00000013000000140000001500000016
0000001700000018000000190000001A
0000001B0000001C0000001D0000001E
0000001F000000200000002100000006
00000005000000040000000300000002
00000001000000000000002C0000002D
0000002E0000002F0000003000000009
0000000A0000000B0000000C0000000D
0000000E0000000F0000001000000011
00000012000000130000001400000015
00000016000000170000001800000019
0000001A0000001B0000001C0000001D
0000001E0000001F0000002000000021
00000006000000050000000400000003
00000002000000010000000000000031
00000032000000330000003400000035
000000090000000A0000000B0000000C
0000000D0000000E0000000F00000010
00000011000000120000001300000014
00000015000000160000001700000018
000000190000001A0000001B0000001C
0000001D0000001E0000001F00000020
00000021000000060000000500000004
00000003000000020000000100000000
00000036000000370000003800000039
0000003A000000090000000A0000000B
0000000C0000000D0000000E0000000F
00000010000000110000001200000013
00000014000000150000001600000017
00000018000000190000001A0000001B
0000001C0000001D0000001E0000001F
00000020000000210000000600000005
00000004000000030000000200000001
000000000000003B0000003C0000003D
0000003E0000003F00FB4DF5FE04BD2B
01000000FF04B20B01FB42D500000000
00000000010000000000000000000000
00303763FFB1435501000000FFCFC89D
004EBCAB00FB4DF5FE04BD2B01000000
FF04B20B01FB42D50000000000000000
01000000000000000000000000303763
FFB1435501000000FFCFC89D004EBCAB
00FB4DF5FE04BD2B01000000FF04B20B
01FB42D5000000000000000001000000
000000000000000000303763FFB14355
01000000FFCFC89D004EBCAB00000000
00000000010000000000000000000000
00000000000000000100000000000000
00000000000000000000000001000000
00000000000000000000000000000000
01000000000000000000000000000000
00000000010000000000000000000000
0000000000000000010000000000208A
01000000010000000000000000000000
01000000000000000000000000000000
00000000010000000000000000000000
00000000000000000100000000000000
00000000000000000000000001000000
00000000000000000000000000000000
01000000000000000000000000000000
00000000010000000000208A00000000
00000000010000000000000000000000
00000000000000000100000000000000
00000000000000000000000001000000
00000000000000000000000000000000
01000000000000000000000001000000
01000000000000000000000001000000
00000000000000000000000000000000
01000000000000000000000000000000
00000000010000000000000000000000
00000000000000000100000000000000
00000000000000000000000001000000
00000000000000000000000000000000
010000000000208A0000000000000000
01000000000000000000000000000000
00000000010000000000000000000000
00000000000000000100000000000000
00000000000000000000000001000000
000000000000000000FC2E4CFE033322
0100A8A8FF032B9001FCCF6200000000
00000000010000000000000000000000
00000000000000000100000000000000
00000000000000000000000001000000
00000000000000000000000000000000
01000000000000000000000000000000
00000000010000000000000000000000
00000000000000000100000000000000
00000000000000000000000001000000
00000000000000000000000000000000
010000000000208A0000000000000000
01000000000000000000000000000000
00000000010000000000000000000000
00000000000000000100000000000000
00000000000000000000000001000000
00000000000000000100000001000000
00FC2E4CFE0333220100A8A8FF032B90
01FCCF62000000000000000001000000
00000000000000000000000000000000
01000000000000000000000000000000
00000000010000000000000000000000
00000000000000000100000000000000
00000000000000000000000001000000
00000000000000000000000000000000
01000000000000000000000001000000
01000000000000000000000001000000
00000000000000000000000000000000
01000000000000000000000000000000
00000000010000000000000000000000
00000000000000000100000000000000
00000000000000000000000001000000
00000000000000000000000000000000
010000000000208A0000000000000000
01000000000000000000000000000000
00000000010000000000000000000000
00000000000000000100000000000000
00000000000000000000000001000000
00000000000000000000000000000000
01000000000000000000000000000000
00000000010000000000000000000000
00000000000000000100000000000000
00000000010000000100000001000000
00000000000000000100000000000000
00000000000000000000000001000000
0000208A010000000100000000000000
00000000010000000000000000000000
0000000000000000010000000000208A
01000000010000000000000000000000
01000000000000000000000000000000
00000000010000000000208A00000000
010000000000208A000000090000000A
0000000B0000000C0000000D0000000E
0000000F000000100000001100000012
00000013000000140000001500000016
0000001700000018000000190000001A
0000001B0000001C0000001D0000001E
0000001F000000200000002100000006
00000005000000040000000300000002
00000001000000000000011C0000011D
0000011E0000011F0000012000000009
0000000A0000000B0000000C0000000D
0000000E0000000F0000001000000011
00000012000000130000001400000015
00000016000000170000001800000019
0000001A0000001B0000001C0000001D
0000001E0000001F0000002000000021
00000006000000050000000400000003
00000002000000010000000000000121
00000122000001230000012400000125
0000000E000000090000000A0000000B
0000000C0000000D0000000E0000000F
00000010000000090000000A0000000B
0000000C0000000D0000000E0000000F
00000010000000110000001200000013
00000014000000150000001600000017
00000018000000110000001200000013
00000014000000150000001600000017
00000018000000190000001A0000001B
0000001C0000001D0000001E0000001F
00000020000000190000001A0000001B
0000001C0000001D0000001E0000001F
00000020000000210000000600000005
00000004000000030000000200000001
00000000000000210000000600000005
00000004000000030000000200000001
00000000000001390000013800000137
00000136000001350000013400000133
000001320000013A0000013B0000013C
0000013D0000013E0000013F00000139
00000138000001370000013600000135
00000134000001330000013200000141
00000142000001430000014400000145
00000146000000000000000001000000
00000000000000000000000000000000
00000000000000000000000000000000
00000000000000000000000000000000
00000000000000000000000000000000
00000000000000000000000000000000
00000000000000000000000000000000
00000000000000000000000000000000
00000000000000000000000000000000
00000000000000000000000000000000
00000000000000000000000000000000
00000000000000000000000000000000
00000000000000000000000000000000
00000000000000000000000000000000
00000000000000000000000000000000
00000000000000000000000000000000
00000000000000000000000000000000
00000000000000000000000000000000
00000000000000000000000000000000
00000000000000000000000000000000
00000000000000000000000000000000
00000000000000000000000000000000
00000000000000000000000000000000
00000000000000000000000000000000
00000000000000000000000000000000
00000000000000000000000000000000
00000000000000000000000000000000
00000000000000000000000000000000
00000000000000000000000000000000
00000000000000000000000000000000
00000000000000000000000000000000
00000000000000000000000000000000
00000000000000000000000000000000
00000000000000000000000000000000
00000000000000000000000000000000
00000000000000000000000000000000
00000000000000000000000000000000
00000000000000000000000000000000
00000000000000000000000000000000
00000000000000000000000000000000
00000000000000000000000000000000
00000000000000000000000000000000
00000000000000000000000000000000
00000000000000000000000000000000
00000000000000000000000000000000
00000000000000000000000000000000
00000000000000000000000000000000
00000000000000000000000000000000
00000000000000000000000000000000
00000000000000000000000000000000
00000000000000000000000000000000
00000000000000000000000000000000
00000000000000000000000000000000
00000000000000000000000000000000
00000000000000000000000000000000
00000000000000000000000000000000
00000000000000000000000000000000
00000000000000000000000000000000
00000000000000000000000000000000
00000000000000000000000000000000
00000000000000000000000000000000
00000000000000000000000000000000
00000000000000000000000000000000
00000000000000000000000000000000
00000000000000000000000000000000
00000000000000000000000000000000
00000000000000000000000000000000
00000000000000000000000000000000
00000000000000000000000000000000
00000000000000000000000000000000
00000000000000000000000000000000
00000000000000000000000000000000
00000000000000000000000000000000
00000000000000000000000000000000
00000000000000000000000000000000
00000000000000000000000000000000
00000000000000000000000000000000
00000000000000000000000000000000
00000000000000000000000000000000
00000000000000000000000000000000
00000000000000000000000000000000
00000000000000000000000000000000
00000000000000000000000000000000
00000000000000000000000000000000
00000000000000000000000000000000
00000000000000000000000000000000
00000000000000000000000000000000
00000000000000000000000000000000
00000000000000000000000000000000
00000000000000000000000000000000
00000000000000000000000000000000
00000000000000000000000000000000
00000000000000000000000000000000
00000000000000000000000000000000
00000000000000000000000000000000
00000000000000000000000000000000
00000000000000000000000000000000
00000000000000000000000000000000
00000000000000000000000000000000
00000000000000000000000000000000
00000000000000000000000000000000
00000000000000000000000000000000
00000000000000000000000000000000
00000000000000000000000000000000
00000000000000000000000000000000
00000000000000000000000000000000
00000000000000000000000000000000
00000000000000000000000000000000
00000000000000000000000000000000
00000000000000000000000000000000
00000000000000000000000000000000
00000000000000000000000000000000
00000000000000000000000000000000
00000000000000000000000000000000
00000000000000000000000000000000
00000000000000000000000000000000
00000000000000000000000000000000
00000000000000000000000000000000
00000000000000000000000000000000
00000000000000000000000000000000
00000000000000000000000000000000
00000000000000000000000000000000
00000000000000000000000000000000
00000000000000000000000000000000
00000000000000000000000000000000
00000000000000000000000000000000
00000000000000000000000000000000
00000000000000000000000000000000
00000000000000000000000000000000
00000000000000000000000000000000
00000000000000000000000000000000
00000000000000000000000000000000
00000000000000000000000000000000
00000000000000000000000000000000
00000000000000000000000000000000
00000000000000000000000000000000
00000000000000000000000000000000
00000000000000000000000000000000
00000000000000000000000000000000
00000000000000000000000000000000
00000000000000000000000000000000
00000000000000000000000000000000
00000000000000000000000000000000
00000000000000000000000000000000
00000000000000000000000000000000
00000000000000000000000000000000
00000000000000000000000000000000
00000000000000000000000000000000
00000000000000000000000000000000
00000000000000000000000000000000
00000000000000000000000000000000
00000000000000000000000000000000
00000000000000000000000000000000
00000000000000000000000000000000
00000000000000000000000000000000
00000000000000000000000000000000
00000000000000000000000000000000
00000000000000000000000000000000
00000000000000000000000000000000
00000000000000000000000000000000
00000000000000000000000000000000
00000000000000000000000000000000
00000000000000000000000000000000
00000000000000000000000000000000
00000000000000000000000000000000
00000000000000000000000000000000
00000000000000000000000000000000
00000000000000000000000000000000
00000000000000000000000000000000
00000000000000000000000000000000
00000000000000000000000000000000
00000000000000000000000000000000
00000000000000000000000000000000
00000000000000000000000000000000
00000000000000000000000000000000
00000000000000000000000000000000
00000000000000000000000000000000
00000000000000000000000000000000
00000000000000000000000000000000
00000000000000000000000000000000
00000000000000000000000000000000
00000000000000000000000000000000
00000000000000000000000000000000
00000000000000000000000000000000
00000000000000000000000000000000
00000000000000000000000000000000
00000000000000000000000000000000
00000000000000000000000000000000
00000000000000000000000000000000
00000000000000000000000000000000
00000000000000000000000000000000
00000000000000000000000000000000
00000000000000000000000000000000
00000000000000000000000000000000
00000000000000000000000000000000
00000000000000000000000000000000
00000000000000000000000000000000
00000000000000000000000000000000
00000000000000000000000000000000
00000000000000000000000000000000
00000000000000000000000000000000
00000000000000000000000000000000
00000000000000000000000000000000
00000000000000000000000000000000
00000000000000000000000000000000
00000000000000000000000000000000
00000000000000000000000000000000
00000000000000000000000000000000
00000000000000000000000000000000
00000000000000000000000000000000
00000000000000000000000000000000
00000000000000000000000000000000
00000000000000000000000000000000
00000000000000000000000000000000
00000000000000000000000000000000
00000000000000000000000000000000
00000000000000000000000000000000
00000000000000000000000000000000
00000000000000000000000000000000
00000000000000000000000000000000
00000000000000000000000000000000
00000000000000000000000000000000
00000000000000000000000000000000
00000000000000000000000000000000
00000000000000000000000000000000
00000000000000000000000000000000
00000000000000000000000000000000
00000000000000000000000000000000
00000000000000000000000000000000
00000000000000000000000000000000
00000000000000000000000000000000
00000000000000000000000000000000
00000000000000000000000000000000
00000000000000000000000000000000
00000000000000000000000000000000
00000000000000000000000000000000
00000000000000000000000000000000
00000000000000000000000000000000
00000000000000000000000000000000
00000000000000000000000000000000
00000000000000000000000000000000
00000000000000000000000000000000
00000000000000000000000000000000
00000000000000000000000000000000
00000000000000000000000000000000
00000000000000000000000000000000
00000000000000000000000000000000
00000000000000000000000000000000
00000000000000000000000000000000
00000000000000000000000000000000
00000000000000000000000000000000
00000000000000000000000000000000
00000000000000000000000000000000
00000000000000000000000000000000
00000000000000000000000000000000
00000000000000000000000000000000
00000000000000000000000000000000
00000000000000000000000000000000
00000000000000000000000000000000
00000000000000000000000000000000
00000000000000000000000000000000
00000000000000000000000000000000
00000000000000000000000000000000
00000000000000000000000000000000
00000000000000000000000000000000
00000000000000000000000000000000
00000000000000000000000000000000
00000000000000000000000000000000
00000000000000000000000000000000
00000000000000000000000000000000
00000000000000000000000000000000
00000000000000000000000000000000
00000000000000000000000000000000
00000000000000000000000000000000
00000000000000000000000000000000
00000000000000000000000000000000
00000000000000000000000000000000
00000000000000000000000000000000
00000000000000000000000000000000
00000000000000000000000000000000
00000000000000000000000000000000
00000000000000000000000000000000
00000000000000000000000000000000
00000000000000000000000000000000
00000000000000000000000000000000
00000000000000000000000000000000
00000000000000000000000000000000
00000000000000000000000000000000
00000000000000000000000000000000
00000000000000000000000000000000
00000000000000000000000000000000
00000000000000000000000000000000
00000000000000000000000000000000
00000000000000000000000000000000
00000000000000000000000000000000
00000000000000000000000000000000
00000000000000000000000000000000
00000000000000000000000000000000
00000000000000000000000000000000
00000000000000000000000000000000
00000000000000000000000000000000
00000000000000000000000000000000
00000000000000000000000000000000
00000000000000000000000000000000
00000000000000000000000000000000
00000000000000000000000000000000
00000000000000000000000000000000
00000000000000000000000000000000
00000000000000000000000000000000
00000000000000000000000000000000
00000000000000000000000000000000
00000000000000000000000000000000
00000000000000000000000000000000
00000000000000000000000000000000
00000000000000000000000000000000
00000000000000000000000000000000
00000000000000000000000000000000
00000000000000000000000000000000
00000000000000000000000000000000
00000000000000000000000000000000
00000000000000000000000000000000
00000000000000000000000000000000
00000000000000000000000000000000
00000000000000000000000000000000
00000000000000000000000000000000
00000000000000000000000000000000
00000000000000000000000000000000
00000000000000000000000000000000
00000000000000000000000000000000
00000000000000000000000000000000
00000000000000000000000000000000
00000000000000000000000000000000
00000000000000000000000000000000
00000000000000000000000000000000
00000000000000000000000000000000
00000000000000000000000000000000
00000000000000000000000000000000
00000000000000000000000000000000
00000000000000000000000000000000
00000000000000000000000000000000
00000000000000000000000000000000
00000000000000000000000000000000
00000000000000000000000000000000
00000000000000000000000000000000
00000000000000000000000000000000
00000000000000000000000000000000
00000000000000000000000000000000
00000000000000000000000000000000
00000000000000000000000000000000
00000000000000000000000000000000
00000000000000000000000000000000
00000000000000000000000000000000
00000000000000000000000000000000
00000000000000000000000000000000
00000000000000000000000000000000
00000000000000000000000000000000
00000000000000000000000000000000
00000000000000000000000000000000
00000000000000000000000000000000
00000000000000000000000000000000
00000000000000000000000000000000
00000000000000000000000000000000
00000000000000000000000000000000
00000000000000000000000000000000
00000000000000000000000000000000
00000000000000000000000000000000
00000000000000000000000000000000
00000000000000000000000000000000
00000000000000000000000000000000
00000000000000000000000000000000
00000000000000000000000000000000
00000000000000000000000000000000
00000000000000000000000000000000
00000000000000000000000000000000
00000000000000000000000000000000
00000000000000000000000000000000
00000000000000000000000000000000
00000000000000000000000000000000
00000000000000000000000000000000
00000000000000000000000000000000
00000000000000000000000000000000
00000000000000000000000000000000
00000000000000000000000000000000
00000000000000000000000000000000
00000000000000010000000100000001
00000001000000000000000000000002
00000002000000020000000200000000
00000000000000030000000300000003
00000003000000000000000000000004
00000004000000040000000400000000
00000000000000050000000500000005
000000050000000000804DCE00804DCE
00000000000000060000000600000006
00000006000000000000000000000007
00000007000000070000000700000000
00000001000000000000000000000000
00000000000000000000000000000000
00000000000000000000000000000000
00000000000000000000000000000000
00000000000000000000000000000000
00000000000000000000000000000000
00000000000000000000000000000000
00000000000000000000000000000000
00000000000000000000000000000000
00000000000000000000000000000000
00000000000000000000000000000000
00000000000000000000000000000000
00000000000000000000000000000000
00000000000000000000000000000000
00000000000000000000000000000000
00000000000000000000000000000000
00000000000000000000000000000000
00000000000000000000000000000000
00000000000000000000000000000000
00000000000000000000000000000000
00000000000000000000000000000000
00000000000000000000000000000000
00000000000000000000000000000000
00000000000000000000000000000000
00000000000000000000000000000000
00000000000000000000000000000000
00000000000000000000000000000000
00000000000000000000000000000000
00000000000000000000000000000000
00000000000000000000000000000000
00000000000000000000000000000000
00000000000000000000000000000000
00000000000000000000000000000000
00000000000000000000000000000000
00000000000000000000000000000000
00000000000000000000000000000000
00000000000000000000000000000000
